State,Total_Arrivals,Total_Male_Arrivals,Total_Female_Arrivals,Month
Johor,1234076,693195,540881,01/01/2023
Johor,1096031,629023,467008,01/02/2023
Johor,1301585,727417,574168,01/03/2023
Johor,1227351,682404,544947,01/04/2023
Johor,1298501,738863,559638,01/05/2023
Johor,1510345,820088,690257,01/06/2023
Johor,1545948,850439,695509,01/07/2023
Johor,1510486,844529,665957,01/08/2023
Johor,1599539,881702,717837,01/09/2023
Johor,1575638,879290,696348,01/10/2023
Johor,1558439,856873,701566,01/11/2023
Johor,1753136,934618,818518,01/12/2023
Kedah,85209,47879,37330,01/01/2023
Kedah,82858,46952,35906,01/02/2023
Kedah,100620,56619,44001,01/03/2023
Kedah,85744,45197,40547,01/04/2023
Kedah,91007,49427,41580,01/05/2023
Kedah,77066,41554,35512,01/06/2023
Kedah,85599,46887,38712,01/07/2023
Kedah,76758,42486,34272,01/08/2023
Kedah,85836,49393,36443,01/09/2023
Kedah,98794,55547,43247,01/10/2023
Kedah,90711,51274,39437,01/11/2023
Kedah,106836,58873,47963,01/12/2023
Kelantan,49955,26718,23237,01/01/2023
Kelantan,51162,27656,23506,01/02/2023
Kelantan,58591,29810,28781,01/03/2023
Kelantan,46894,23322,23572,01/04/2023
Kelantan,52302,27611,24691,01/05/2023
Kelantan,36763,19306,17457,01/06/2023
Kelantan,50017,26773,23244,01/07/2023
Kelantan,35798,19658,16140,01/08/2023
Kelantan,35224,19490,15734,01/09/2023
Kelantan,47679,25452,22227,01/10/2023
Kelantan,40481,21136,19345,01/11/2023
Kelantan,42337,21688,20649,01/12/2023
Melaka,5387,2439,2948,01/01/2023
Melaka,5254,2330,2924,01/02/2023
Melaka,4596,2112,2484,01/03/2023
Melaka,5639,2551,3088,01/04/2023
Melaka,5255,2309,2946,01/05/2023
Melaka,5218,2463,2755,01/06/2023
Melaka,5261,2352,2909,01/07/2023
Melaka,3466,1678,1788,01/08/2023
Melaka,4227,1879,2348,01/09/2023
Melaka,3539,1571,1968,01/10/2023
Melaka,3716,1708,2008,01/11/2023
Melaka,5419,2320,3099,01/12/2023
Negeri Sembilan,8081,5576,2505,01/01/2023
Negeri Sembilan,9828,6595,3233,01/02/2023
Negeri Sembilan,8450,5520,2930,01/03/2023
Negeri Sembilan,4340,2174,2166,01/04/2023
Negeri Sembilan,14303,10163,4140,01/05/2023
Negeri Sembilan,5034,3303,1731,01/06/2023
Negeri Sembilan,6499,4501,1998,01/07/2023
Negeri Sembilan,7275,4710,2565,01/08/2023
Negeri Sembilan,6045,3875,2170,01/09/2023
Negeri Sembilan,5098,3048,2050,01/10/2023
Negeri Sembilan,5535,3388,2147,01/11/2023
Negeri Sembilan,5127,2649,2478,01/12/2023
Pahang,502,270,232,01/01/2023
Pahang,220,122,98,01/02/2023
Pahang,261,145,116,01/03/2023
Pahang,838,448,390,01/04/2023
Pahang,804,466,338,01/05/2023
Pahang,998,523,475,01/06/2023
Pahang,716,396,320,01/07/2023
Pahang,752,428,324,01/08/2023
Pahang,1103,600,503,01/09/2023
Pahang,972,585,387,01/10/2023
Pahang,761,401,360,01/11/2023
Pahang,1284,649,635,01/12/2023
Perak,15179,7281,7898,01/01/2023
Perak,15986,7728,8258,01/02/2023
Perak,21201,10068,11133,01/03/2023
Perak,19131,8797,10334,01/04/2023
Perak,20150,9570,10580,01/05/2023
Perak,18571,8623,9948,01/06/2023
Perak,21446,9793,11653,01/07/2023
Perak,19302,9118,10184,01/08/2023
Perak,17552,8141,9411,01/09/2023
Perak,18819,8679,10140,01/10/2023
Perak,19230,8939,10291,01/11/2023
Perak,22667,10285,12382,01/12/2023
Perlis,59072,36310,22762,01/01/2023
Perlis,56894,34793,22101,01/02/2023
Perlis,69607,42179,27428,01/03/2023
Perlis,54352,31556,22796,01/04/2023
Perlis,62963,37883,25080,01/05/2023
Perlis,46491,26832,19659,01/06/2023
Perlis,65446,38392,27054,01/07/2023
Perlis,48127,27786,20341,01/08/2023
Perlis,53629,31041,22588,01/09/2023
Perlis,60062,33111,26951,01/10/2023
Perlis,55721,32157,23564,01/11/2023
Perlis,53904,30699,23205,01/12/2023
Pulau Pinang,68457,30865,37592,01/01/2023
Pulau Pinang,65039,30647,34392,01/02/2023
Pulau Pinang,74385,35487,38898,01/03/2023
Pulau Pinang,76242,35061,41181,01/04/2023
Pulau Pinang,82247,39064,43183,01/05/2023
Pulau Pinang,102625,47470,55155,01/06/2023
Pulau Pinang,96735,44357,52378,01/07/2023
Pulau Pinang,91936,43292,48644,01/08/2023
Pulau Pinang,87334,42280,45054,01/09/2023
Pulau Pinang,86296,40163,46133,01/10/2023
Pulau Pinang,94156,44464,49692,01/11/2023
Pulau Pinang,107555,50553,57002,01/12/2023
Sabah,37889,17466,20423,01/01/2023
Sabah,33907,15549,18358,01/02/2023
Sabah,37411,17004,20407,01/03/2023
Sabah,36694,17302,19392,01/04/2023
Sabah,41970,19557,22413,01/05/2023
Sabah,25499,12113,13386,01/06/2023
Sabah,31337,14535,16802,01/07/2023
Sabah,9825,4896,4929,01/08/2023
Sabah,9078,4479,4599,01/09/2023
Sabah,7936,4102,3834,01/10/2023
Sabah,30563,14346,16217,01/11/2023
Sabah,52232,23676,28556,01/12/2023
Sarawak,140685,76058,64627,01/01/2023
Sarawak,132326,72075,60251,01/02/2023
Sarawak,141193,77147,64046,01/03/2023
Sarawak,173088,90593,82495,01/04/2023
Sarawak,147533,84447,63086,01/05/2023
Sarawak,120392,64628,55764,01/06/2023
Sarawak,128541,68707,59834,01/07/2023
Sarawak,112505,61296,51209,01/08/2023
Sarawak,113165,62094,51071,01/09/2023
Sarawak,106667,59316,47351,01/10/2023
Sarawak,113059,62443,50616,01/11/2023
Sarawak,230361,120799,109562,01/12/2023
Selangor,528858,309683,219175,01/01/2023
Selangor,495852,313058,182794,01/02/2023
Selangor,568760,351170,217590,01/03/2023
Selangor,549762,318485,231277,01/04/2023
Selangor,597519,355223,242296,01/05/2023
Selangor,449001,270555,178446,01/06/2023
Selangor,790911,442236,348675,01/07/2023
Selangor,782907,450015,332892,01/08/2023
Selangor,704265,408872,295393,01/09/2023
Selangor,643447,367295,276152,01/10/2023
Selangor,649129,374771,274358,01/11/2023
Selangor,792830,435062,357768,01/12/2023
Terengganu,0,0,0,01/01/2023
Terengganu,3,3,0,01/02/2023
Terengganu,18,18,0,01/03/2023
Terengganu,1,1,0,01/04/2023
Terengganu,1,1,0,01/05/2023
Terengganu,3,3,0,01/06/2023
Terengganu,1,1,0,01/07/2023
Terengganu,0,0,0,01/08/2023
Terengganu,3,2,1,01/09/2023
Terengganu,4,4,0,01/10/2023
Terengganu,17,14,3,01/11/2023
Terengganu,1,1,0,01/12/2023
Labuan,1622,1113,509,01/01/2023
Labuan,1946,1277,669,01/02/2023
Labuan,1425,978,447,01/03/2023
Labuan,2291,1383,908,01/04/2023
Labuan,1741,1110,631,01/05/2023
Labuan,1587,1042,545,01/06/2023
Labuan,1360,934,426,01/07/2023
Labuan,2290,1426,864,01/08/2023
Labuan,1469,998,471,01/09/2023
Labuan,1328,934,394,01/10/2023
Labuan,1651,1108,543,01/11/2023
Labuan,3817,2308,1509,01/12/2023
